2000	2530
2000	1850
2000	1940
2000	1960
2000	1370
2000	1750
2000	1220
2000	2230
2000	2010
2000	660
2200	2570
2200	1680
2200	2890
2200	2520
2200	2500
2200	790
2200	1980
2200	2410
2200	2720
2200	2770
2400	2950
2400	3560
2400	2700
2400	1610
2400	3240
2400	2610
2400	3200
2400	2690
2400	2960
2400	3070
2600	4120
2600	3200
2600	3750
2600	720
2600	1270
2600	2910
2600	4620
2600	3400
2600	4090
2600	2760
2800	3510
2800	3980
2800	400
2800	410
2800	2820
2800	5260
2800	4010
2800	3480
2800	5090
2800	2040
3000	6490
3000	4900
3000	6470
3000	6250
3000	5510
3000	3990
3000	5540
3000	4210
3000	2210
3000	5010
3200	3090
3200	7260
3200	5710
3200	6160
3200	5790
3200	6070
3200	4980
3200	1440
3200	5380
3200	5600
3400	6440
3400	6870
3400	7170
3400	6570
3400	7320
3400	6830
3400	7060
3400	7870
3400	6110
3400	6030
3600	2960
3600	6060
3600	7610
3600	7740
3600	4900
3600	8640
3600	7410
3600	8940
3600	5570
3600	7570
3800	7840
3800	9420
3800	9440
3800	10600
3800	9120
3800	9790
3800	5790
3800	4870
3800	10420
3800	9110
4000	10190
4000	9450
4000	8380
4000	8320
4000	10650
4000	11760
4000	11020
4000	10080
4000	9270
4000	9860
4200	8610
4200	1790
4200	3050
4200	9190
4200	13870
4200	5580
4200	7820
4200	8210
4200	9510
4200	9600
4400	11240
4400	12760
4400	11190
4400	12280
4400	8940
4400	12090
4400	13950
4400	11380
4400	13240
4400	11490
4600	15590
4600	15070
4600	14810
4600	3640
4600	16080
4600	14190
4600	13340
4600	15890
4600	18290
4600	15250
4800	16010
4800	12650
4800	12050
4800	15170
4800	18130
4800	14990
4800	18340
4800	15070
4800	12360
4800	12020
5000	20980
5000	8930
5000	13830
5000	15500
5000	18570
5000	22990
5000	6360
5000	17940
5000	15420
5000	19240
5200	19110
5200	20370
5200	19760
5200	15780
5200	19740
5200	22880
5200	19910
5200	19820
5200	20080
5200	19080
5400	22570
5400	19140
5400	17120
5400	22260
5400	16560
5400	17420
5400	19070
5400	19800
5400	20950
5400	12340
5600	12630
5600	19930
5600	24960
5600	28490
5600	19430
5600	27120
5600	21940
5600	19840
5600	5670
5600	25420
5800	18830
5800	29140
5800	3470
5800	28190
5800	27120
5800	21360
5800	20990
5800	16620
5800	7020
5800	25580
6000	27210
6000	28750
6000	22880
6000	29650
6000	27500
6000	24980
6000	19540
6000	30490
6000	34680
6000	27950
6200	30540
6200	31210
6200	22820
6200	21400
6200	25420
6200	34770
6200	24280
6200	29590
6200	10610
6200	26050
6400	26170
6400	30140
6400	30500
6400	27560
6400	30260
6400	40360
6400	35000
6400	37200
6400	27760
6400	21070
6600	39150
6600	31990
6600	28480
6600	30680
6600	32460
6600	40050
6600	28020
6600	34680
6600	35850
6600	22640
6800	38410
6800	27840
6800	38480
6800	36500
6800	29520
6800	34880
6800	42210
6800	39340
6800	23670
6800	29940
7000	44150
7000	43490
7000	44990
7000	29620
7000	22750
7000	36320
7000	30690
7000	24370
7000	39820
7000	29540
7200	36300
7200	45720
7200	38350
7200	36630
7200	44800
7200	17240
7200	53710
7200	55980
7200	13020
7200	43610
7400	34150
7400	41040
7400	53670
7400	38030
7400	36160
7400	36570
7400	45170
7400	53960
7400	41170
7400	53590
7600	48440
7600	51640
7600	43980
7600	57060
7600	38290
7600	36790
7600	33250
7600	38850
7600	50330
7600	43700
7800	49660
7800	60920
7800	38870
7800	56630
7800	54830
7800	32830
7800	41450
7800	44620
7800	43440
7800	43500
8000	18500
8000	51850
8000	52540
8000	52300
8000	50720
8000	63290
8000	54430
8000	38410
8000	57260
8000	49160
8200	38730
8200	54010
8200	38530
8200	57910
8200	60220
8200	39680
8200	57820
8200	40220
8200	15770
8200	20560
8400	71570
8400	62160
8400	42480
8400	49890
8400	44760
8400	15000
8400	65070
8400	58950
8400	52600
8400	72080
8600	60970
8600	51520
8600	64040
8600	74500
8600	56140
8600	64250
8600	63760
8600	47120
8600	42480
8600	38730
8800	57010
8800	55030
8800	56250
8800	54970
8800	48970
8800	23340
8800	36900
8800	58330
8800	59110
8800	72990
9000	50050
9000	66350
9000	91030
9000	75450
9000	62760
9000	56610
9000	25720
9000	89760
9000	39990
9000	60720
9200	62710
9200	90290
9200	58760
9200	68200
9200	62390
9200	54970
9200	72490
9200	79190
9200	80150
9200	91280
9400	44170
9400	76350
9400	69700
9400	70760
9400	13210
9400	65790
9400	97380
9400	67540
9400	65020
9400	79060
9600	89250
9600	76760
9600	91520
9600	69750
9600	87510
9600	65960
9600	64610
9600	76070
9600	96210
9600	89100
9800	98170
9800	87960
9800	53220
9800	64380
9800	70060
9800	46960
9800	86770
9800	77490
9800	78190
9800	69930
10000	85590
10000	107430
10000	84250
10000	74920
10000	67060
10000	82230
10000	90810
10000	87480
10000	93950
10000	76660
10200	105060
10200	33090
10200	83470
10200	61320
10200	96110
10200	100790
10200	90310
10200	43440
10200	93750
10200	46490
10400	90590
10400	129500
10400	114460
10400	106350
10400	117290
10400	100890
10400	102740
10400	114480
10400	49230
10400	117600
10600	118000
10600	119060
10600	88450
10600	109280
10600	109410
10600	96610
10600	102230
10600	97150
10600	83310
10600	92510
10800	114220
10800	110440
10800	97740
10800	105940
10800	66010
10800	102340
10800	112990
10800	85000
10800	110330
10800	115850
11000	88690
11000	115660
11000	138380
11000	103000
11000	110440
11000	71120
11000	102870
11000	35380
11000	122530
11000	112380
11200	152020
11200	118960
11200	144220
11200	112910
11200	105660
11200	96650
11200	112480
11200	111720
11200	114000
11200	31990
11400	85020
11400	103920
11400	116370
11400	115530
11400	130200
11400	112770
11400	123970
11400	92140
11400	107790
11400	125170
11600	126270
11600	129190
11600	35420
11600	120900
11600	16500
11600	126040
11600	109810
11600	126420
11600	116360
11600	140540
11800	159280
11800	141940
11800	114760
11800	147620
11800	65650
11800	153870
11800	155790
11800	134900
11800	141380
11800	58310
12000	154730
12000	105720
12000	122510
12000	89180
12000	131650
12000	131420
12000	138730
12000	155720
12000	140200
12000	121560
12200	157140
12200	124230
12200	127850
12200	123070
12200	137820
12200	49150
12200	180320
12200	28500
12200	127630
12200	146900
12400	120950
12400	134790
12400	53690
12400	163320
12400	135940
12400	110600
12400	123940
12400	106480
12400	125410
12400	168650
12600	158750
12600	66220
12600	157130
12600	146950
12600	111170
12600	148570
12600	190690
12600	161730
12600	193820
12600	130900
