2000	2
2000	0
2000	1
2500	3
2500	3
2500	4
3000	6
3000	7
3000	7
3500	10
3500	8
3500	5
4000	10
4000	13
4000	11
4500	12
4500	17
4500	16
5000	16
5000	21
5000	14
5500	24
5500	20
5500	21
6000	30
6000	25
6000	32
6500	33
6500	21
6500	32
7000	39
7000	35
7000	41
7500	48
7500	61
7500	60
8000	60
8000	51
8000	2
8500	55
8500	65
8500	51
9000	42
9000	67
9000	69
9500	95
9500	34
9500	87
10000	51
10000	82
10000	122
10500	119
10500	98
10500	38
11000	91
11000	110
11000	105
11500	137
11500	110
11500	120
12000	131
12000	174
12000	115
12500	142
12500	121
12500	165
7500	53
12000	153
13000	48
12900	71
12900	186
12900	64
12900	162
12900	104
2000	2
7000	38
9000	49
9000	64
9500	94
